20120915
20120930
20121102
20121115
20121216
20130112
20130215
20130321
20130421
20130501
20130601
20130616
20130715
20130902
20131001
20131101
20131201
20131231
20140101
20140113
20140201
20140215
20140228
20140331
20140401
20140501
20140601
20140701
20140801
20140901
20141001
20141101
20141201
20150102
20150201
20150228
20150401
20150426
20150601
20150706
20150801
20150901
20151001
20151101
20151201
20160101
20160204
20160301
20160401
20160501
20160601
20160701
20160802
20160901
20161005
20161006
20161031
20161120
20170102
20170115
20170215
20170301
20170401
20170501
20170615
20170701
20170702
20170831
20171006
20171101
20171215
20180102
20180202
20180227
20180328
20180501
20180606
20180713
20180801
20180815
20180916
20181001
20181101
20181201
20190101
20190201
20190301
20190401
20190501
20190601
20190701
20190731
20190901
20191001
20191102
20201009
20201101
20201121
20210121
20210201
20210301
20210331
20210501
20210611
20210703
20210803
20210903
20211001
20211101
20211201
20211213
20220101
20220203
20220301
20220421
20220502
20220530
20220701
20220731
20220830
20221001
20221029
20221127
20221215
20221229
20230102
20230201
20230301
20230401
20230501
20230601
20230701
20230801
20230901
20231001
20231101
20231201
20240101
20240201
20240301
20240401
20240510
20240610
20240701
20240801
20240901
20241001
20241101
20241201
20250101
20250201
20250301
20250401
20250501
20250601
20250701
20250801
20250901
20251001
20251101
20251212
20260101
