20121001
20121101
20121201
20130101
20130201
20130301
20130401
20130515
20130601
20130715
20130815
20130901
20131015
20131101
20131201
20140101
20140201
20140306
20140401
20140501
20140606
20140701
20140801
20140901
20141001
20141101
20141201
20150105
20150201
20150301
20150401
20150501
20150601
20150701
20150801
20150901
20151001
20151101
20151201
20160101
20160201
20160301
20160401
20160501
20160601
20160701
20160801
20160901
20161001
20161101
20161201
20170101
20170201
20170301
20170401
20170501
20170601
20170701
20170801
20170901
20171001
20171101
20171201
20180101
20180201
20180301
20180401
20180501
20180601
20180701
20180801
20180901
20181001
20181101
20181201
20190101
20190201
20190301
20190401
20190501
20190601
20190701
20190801
20190901
20191001
20191101
20200201
20210101
20210201
20210301
20210401
20210501
20210601
20210801
20210901
20211001
20211101
20211201
20220101
20220201
20220301
20220401
20220501
20220601
20220701
20220801
20220901
20221001
20221101
20221201
20230101
20230201
20230301
20230401
20230501
20230601
20230701
20230801
20230901
20231001
20231101
20231201
20240101
20240201
20240301
20240401
20240501
20240601
20240701
20240801
20240901
20241001
20241101
20241201
20250101
20250201
20250301
20250401
20250501
20250601
20250701
20250801
20250901
20251001
20251101
20251201
20260101
