232441
232442
233600
239723
239724
240588
240589
240591
240661
240662
240663
240677
240678
240679
242806
242807
242808
242809
242810
242811
242812
242817
242818
243613
243614
243615
243619
243620
244327
247157
247158
247161
247162
247163
247164
247165
247230
251416
251478
252285
252286
253141
253152
253153
253154
253155
253453
253454
253756
256239
256663
256669
256671
256689
259359
259362
259374
259375
259376
259859
260865
260866
261220
261221
261222
261223
261224
261225
261226
262517
262557
262558
262559
262560
262561
263010
263011
263013
263018
263019
263022
263025
267239
267240
267241
267606
267903
269164
269165
269186
269552
269553
269554
269556
269557
269558
269559
269560
269561
269885
269886
269887
269888
269889
269890
270582
270586
270590
271505
271506
271507
271508
271513
273637
273640
274005
274007
274009
276352
350929
350930
350931
350932
369431
369436
369437
369438
369439
369440
369441
372925
372930
372931
377829
377831
377832
377833
377834
377835
377842
378616
378617
378953
379911
379912
393458
565116
566561
569847
569848
569849
569926
569927
569928
570432
570433
570434
571037
571038
571039
571116
571117
571795
571796
571797
571798
571799
571800
571801
571811
571812
571813
571909
571910
571911
572160
572163
572189
572244
572245
572246
572252
572253
572329
572545
580827
581513
581514
581515
581516
581517
581518
581519
581520
581821
581822
581823
581824
581825
582101
582372
582373
582644
587349
587350
587351
587352
587353
587354
587360
587361
587362
587363
587364
591839
592232
592233
594208
595036
595357
596786
596787
596850
596851
596852
596853
599391
602129
602130
602931
602932
602933
602934
602935
605580
605581
605582
605583
605584
605586
605587
605588
610965
610968
611384
670010
670011
670012
681620
685797
685798
685799
687246
687247
687265
688505
688506
688507
688511
688948
688970
689682
689779
689780
689781
689782
691541
691542
691543
692318
692382
692383
692393
693051
693052
693053
693054
693055
693056
693057
694255
694256
696378
696379
696382
696383
696384
696385
697585
697586
697587
697588
697589
697590
697603
697604
697605
697946
697947
697948
697951
697952
697953
697954
697955
697956
697957
697958
697959
699925
699926
699927
699928
699929
700240
700278
700279
700627
702750
702752
702754
702755
703145
703471
703472
771111
771112
784956
784957
784958
784959
784960
785338
785366
785398
787724
791314
792089
792090
792091
792092
792093
792095
792096
792097
792489
794098
794099
794100
794101
794102
796324
797115
797117
797118
797119
797120
797856
797857
797858
797859
797860
